Earth_R_Sc      => ( 1.50000000000000E+00, ( 1.00000000000000E+00,  0.00000000000000E+00,  0.00000000000000E+00))
Sc_R_Tracker    => ( 2.00000000000000E+00, ( 0.00000000000000E+00,  1.00000000000000E+00,  0.00000000000000E+00))
Tracker_N_Star  => ( 1.11076833426781E-02,  2.22153666853563E-02,  9.99691500841032E-01)

SAL Convention quaternions
Earth_Q_Sc      => ( 6.81638760023334E-01,  0.00000000000000E+00,  0.00000000000000E+00,  7.31688868873821E-01)
Sc_Q_Tracker    => ( 0.00000000000000E+00,  8.41470984807897E-01,  0.00000000000000E+00,  5.40302305868140E-01)
Earth_Q_Tracker => ( 3.68290993809707E-01,  6.15694953064230E-01,  5.73579238680068E-01,  3.95333183030576E-01)
Earth_N_Star    => ( 9.04394482049831E-01,  4.26622663442717E-01, -7.98272352396747E-03)

Wertz convention quaternions
Earth_Q_Sc      => (-6.81638760023334E-01, -0.00000000000000E+00, -0.00000000000000E+00,  7.31688868873821E-01)
Sc_Q_Tracker    => (-0.00000000000000E+00, -8.41470984807897E-01, -0.00000000000000E+00,  5.40302305868140E-01)
Earth_Q_Tracker => (-3.68290993809707E-01, -6.15694953064230E-01, -5.73579238680068E-01,  3.95333183030576E-01)
Earth_N_Star    => ( 9.04394482049831E-01,  4.26622663442717E-01, -7.98272352396747E-03)

SAL Convention matrices
Earth_M_Sc      => 
(( 1.00000000000000E+00,  0.00000000000000E+00,  0.00000000000000E+00),
( 0.00000000000000E+00,  7.07372016677029E-02, -9.97494986604054E-01),
( 0.00000000000000E+00,  9.97494986604054E-01,  7.07372016677029E-02))
Earth_Q_Sc      => ( 6.81638760023334E-01,  0.00000000000000E+00,  0.00000000000000E+00,  7.31688868873821E-01)
Sc_M_Tracker    => 
((-4.16146836547142E-01,  0.00000000000000E+00,  9.09297426825682E-01),
( 0.00000000000000E+00,  1.00000000000000E+00,  0.00000000000000E+00),
(-9.09297426825682E-01,  0.00000000000000E+00, -4.16146836547142E-01))
Sc_Q_Tracker    => ( 0.00000000000000E+00,  8.41470984807897E-01,  0.00000000000000E+00,  5.40302305868140E-01)
Earth_M_Tracker => 
((-4.16146836547142E-01,  0.00000000000000E+00,  9.09297426825682E-01),
( 9.07019624590585E-01,  7.07372016677029E-02,  4.15104383146911E-01),
(-6.43211554572916E-02,  9.97494986604054E-01, -2.94370627002118E-02))
Earth_Q_Tracker => ( 3.68290993809707E-01,  6.15694953064230E-01,  5.73579238680068E-01,  3.95333183030576E-01)
Earth_N_Star    => ( 9.04394482049831E-01,  4.26622663442718E-01, -7.98272352396747E-03)

Wertz Convention matrices
Earth_M_Sc      => 
(( 1.00000000000000E+00,  0.00000000000000E+00,  0.00000000000000E+00),
( 0.00000000000000E+00,  7.07372016677029E-02, -9.97494986604054E-01),
( 0.00000000000000E+00,  9.97494986604054E-01,  7.07372016677029E-02))
Earth_Q_Sc      => (-6.81638760023334E-01, -0.00000000000000E+00, -0.00000000000000E+00,  7.31688868873821E-01)
Sc_M_Tracker    => 
((-4.16146836547142E-01,  0.00000000000000E+00,  9.09297426825682E-01),
( 0.00000000000000E+00,  1.00000000000000E+00,  0.00000000000000E+00),
(-9.09297426825682E-01,  0.00000000000000E+00, -4.16146836547142E-01))
Sc_Q_Tracker    => (-0.00000000000000E+00, -8.41470984807897E-01, -0.00000000000000E+00,  5.40302305868140E-01)
Earth_M_Tracker => 
((-4.16146836547142E-01,  0.00000000000000E+00,  9.09297426825682E-01),
( 9.07019624590585E-01,  7.07372016677029E-02,  4.15104383146911E-01),
(-6.43211554572916E-02,  9.97494986604054E-01, -2.94370627002118E-02))
Earth_Q_Tracker => (-3.68290993809707E-01, -6.15694953064230E-01, -5.73579238680068E-01,  3.95333183030576E-01)
Earth_N_Star    => ( 9.04394482049831E-01,  4.26622663442718E-01, -7.98272352396747E-03)
